# x
1.875000000000000000e-01 0.000000000000000000e+00
5.625000000000000000e-01 0.000000000000000000e+00
1.970031253194544085e+00 7.570198200967358515e-01
0.000000000000000000e+00 1.562500000000000000e-01
9.687500000000000000e-01 0.000000000000000000e+00
3.125000000000000000e-01 0.000000000000000000e+00
1.336889853392219552e+00 5.845593481697908267e-02
1.685303876974546533e-01 1.555570233019602178e+00
6.250000000000000000e-01 0.000000000000000000e+00
2.269895466372630066e-01 1.634393284163645488e+00
1.427555093430282085e+00 1.903989293123443449e+00
4.444297669803980444e-01 1.831469612302545347e+00
1.707106781186547462e+00 2.928932188134523162e-01
1.595699304492433468e+00 1.803207531480644832e+00
3.750000000000000000e-01 0.000000000000000000e+00
1.941544065183020695e+00 6.631101466077800044e-01
7.612046748871326152e-02 1.382683432365089837e+00
4.858972558067784497e-01 1.857728610000272118e+00
1.146730474455361914e+00 1.082349003521909658e-02
0.000000000000000000e+00 9.375000000000000000e-01
8.750000000000000000e-01 0.000000000000000000e+00
2.812500000000000000e-01 0.000000000000000000e+00
4.043006955075667541e-01 1.803207531480644832e+00
0.000000000000000000e+00 3.125000000000000000e-02
1.980785280403230431e+00 1.195090322016128193e+00
1.881921264348354939e+00 1.471396736825997698e+00
0.000000000000000000e+00 3.750000000000000000e-01
0.000000000000000000e+00 3.125000000000000000e-01
1.995184726672196929e+00 1.098017140329560659e+00
1.831469612302545347e+00 1.555570233019602178e+00
1.562500000000000000e-01 0.000000000000000000e+00
1.250000000000000000e-01 0.000000000000000000e+00
1.290284677254462276e+00 1.956940335732209046e+00
0.000000000000000000e+00 1.250000000000000000e-01
7.187500000000000000e-01 0.000000000000000000e+00
7.500000000000000000e-01 0.000000000000000000e+00
9.062500000000000000e-01 0.000000000000000000e+00
9.601070687655666180e-02 1.427555093430282085e+00
6.631101466077800044e-01 1.941544065183020695e+00
1.422713899997278819e-01 1.514102744193221772e+00
9.375000000000000000e-02 0.000000000000000000e+00
0.000000000000000000e+00 6.250000000000000000e-02
1.382683432365089837e+00 1.923879532511286738e+00
1.634393284163645710e+00 1.773010453362736882e+00
1.989176509964781125e+00 1.146730474455361692e+00
0.000000000000000000e+00 1.000000000000000222e+00
0.000000000000000000e+00 8.750000000000000000e-01
1.989176509964780903e+00 8.532695255446376414e-01
1.921471959676956942e-02 1.195090322016128637e+00
8.049096779838718074e-01 1.980785280403230431e+00
1.471396736825997476e+00 1.180787356516449504e-01
1.098017140329559993e+00 4.815273327803071268e-03
1.555570233019601734e+00 1.685303876974544313e-01
1.803207531480645054e+00 4.043006955075667541e-01
6.250000000000000000e-02 0.000000000000000000e+00
1.995184726672196929e+00 9.019828596704394519e-01
0.000000000000000000e+00 5.625000000000000000e-01
4.375000000000000000e-01 0.000000000000000000e+00
1.970031253194544085e+00 1.242980179903263815e+00
1.773010453362736882e+00 1.634393284163645488e+00
5.937500000000000000e-01 0.000000000000000000e+00
1.941544065183020695e+00 1.336889853392219996e+00
0.000000000000000000e+00 4.062500000000000000e-01
1.923879532511286738e+00 1.382683432365089837e+00
3.284410451529815589e-01 1.740951125354958995e+00
0.000000000000000000e+00 7.812500000000000000e-01
1.595699304492432802e+00 1.967924685193547241e-01
0.000000000000000000e+00 6.250000000000000000e-01
1.803207531480644832e+00 1.595699304492433246e+00
1.956940335732208824e+00 1.290284677254462276e+00
6.562500000000000000e-01 0.000000000000000000e+00
0.000000000000000000e+00 5.312500000000000000e-01
1.998795456205172405e+00 9.509323256725819018e-01
0.000000000000000000e+00 3.437500000000000000e-01
1.098017140329560881e+00 1.995184726672196707e+00
1.427555093430282085e+00 9.601070687655666180e-02
2.187500000000000000e-01 0.000000000000000000e+00
2.000000000000000000e+00 1.000000000000000000e+00
1.923879532511286516e+00 6.173165676349096076e-01
6.875000000000000000e-01 0.000000000000000000e+00
1.195090322016128415e+00 1.980785280403230431e+00
1.000000000000000000e+00 2.000000000000000000e+00
8.437500000000000000e-01 0.000000000000000000e+00
5.000000000000000000e-01 0.000000000000000000e+00
0.000000000000000000e+00 5.937500000000000000e-01
0.000000000000000000e+00 8.125000000000000000e-01
1.881921264348354939e+00 5.286032631740020804e-01
8.532695255446383076e-01 1.989176509964781125e+00
2.996874680545602576e-02 1.242980179903264037e+00
4.687500000000000000e-01 0.000000000000000000e+00
0.000000000000000000e+00 2.812500000000000000e-01
0.000000000000000000e+00 5.000000000000000000e-01
1.967924685193551682e-01 1.595699304492433468e+00
2.500000000000000000e-01 0.000000000000000000e+00
5.286032631740023024e-01 1.881921264348354939e+00
4.062500000000000000e-01 0.000000000000000000e+00
3.656067158363547343e-01 1.773010453362737104e+00
1.903989293123443449e+00 1.427555093430282085e+00
0.000000000000000000e+00 2.500000000000000000e-01
6.173165676349102737e-01 1.923879532511286738e+00
1.740951125354959217e+00 1.671558954847018441e+00
7.097153227455377245e-01 1.956940335732209046e+00
1.242980179903264037e+00 1.970031253194544085e+00
2.928932188134525383e-01 1.707106781186547462e+00
4.305966426779117562e-02 1.290284677254462276e+00
0.000000000000000000e+00 9.062500000000000000e-01
0.000000000000000000e+00 0.000000000000000000e+00
1.204543794827594994e-03 1.049067674327417876e+00
3.437500000000000000e-01 0.000000000000000000e+00
7.812500000000000000e-01 0.000000000000000000e+00
9.375000000000000000e-01 0.000000000000000000e+00
9.019828596704393409e-01 1.995184726672196929e+00
0.000000000000000000e+00 8.437500000000000000e-01
0.000000000000000000e+00 7.500000000000000000e-01
1.773010453362736660e+00 3.656067158363540681e-01
1.671558954847018441e+00 2.590488746450407831e-01
1.707106781186547462e+00 1.707106781186547462e+00
0.000000000000000000e+00 9.375000000000000000e-02
1.555570233019602178e+00 1.831469612302545125e+00
1.242980179903263815e+00 2.996874680545602576e-02
1.875000000000000000e-01 0.000000000000000000e+00
5.625000000000000000e-01 0.000000000000000000e+00
1.970031253194544085e+00 7.570198200967358515e-01
0.000000000000000000e+00 1.562500000000000000e-01
9.687500000000000000e-01 0.000000000000000000e+00
3.125000000000000000e-01 0.000000000000000000e+00
1.336889853392219552e+00 5.845593481697908267e-02
1.685303876974546533e-01 1.555570233019602178e+00
6.250000000000000000e-01 0.000000000000000000e+00
2.269895466372630066e-01 1.634393284163645488e+00
1.427555093430282085e+00 1.903989293123443449e+00
4.444297669803980444e-01 1.831469612302545347e+00
1.707106781186547462e+00 2.928932188134523162e-01
1.595699304492433468e+00 1.803207531480644832e+00
3.750000000000000000e-01 0.000000000000000000e+00
1.941544065183020695e+00 6.631101466077800044e-01
7.612046748871326152e-02 1.382683432365089837e+00
4.858972558067784497e-01 1.857728610000272118e+00
1.146730474455361914e+00 1.082349003521909658e-02
0.000000000000000000e+00 9.375000000000000000e-01
8.750000000000000000e-01 0.000000000000000000e+00
2.812500000000000000e-01 0.000000000000000000e+00
4.043006955075667541e-01 1.803207531480644832e+00
0.000000000000000000e+00 3.125000000000000000e-02
1.980785280403230431e+00 1.195090322016128193e+00
1.881921264348354939e+00 1.471396736825997698e+00
0.000000000000000000e+00 3.750000000000000000e-01
0.000000000000000000e+00 3.125000000000000000e-01
1.995184726672196929e+00 1.098017140329560659e+00
1.831469612302545347e+00 1.555570233019602178e+00
1.562500000000000000e-01 0.000000000000000000e+00
1.250000000000000000e-01 0.000000000000000000e+00
1.290284677254462276e+00 1.956940335732209046e+00
0.000000000000000000e+00 1.250000000000000000e-01
7.187500000000000000e-01 0.000000000000000000e+00
7.500000000000000000e-01 0.000000000000000000e+00
9.062500000000000000e-01 0.000000000000000000e+00
9.601070687655666180e-02 1.427555093430282085e+00
6.631101466077800044e-01 1.941544065183020695e+00
1.422713899997278819e-01 1.514102744193221772e+00
9.375000000000000000e-02 0.000000000000000000e+00
0.000000000000000000e+00 6.250000000000000000e-02
1.382683432365089837e+00 1.923879532511286738e+00
1.634393284163645710e+00 1.773010453362736882e+00
1.989176509964781125e+00 1.146730474455361692e+00
0.000000000000000000e+00 1.000000000000000222e+00
0.000000000000000000e+00 8.750000000000000000e-01
1.989176509964780903e+00 8.532695255446376414e-01
1.921471959676956942e-02 1.195090322016128637e+00
8.049096779838718074e-01 1.980785280403230431e+00
1.471396736825997476e+00 1.180787356516449504e-01
1.098017140329559993e+00 4.815273327803071268e-03
1.555570233019601734e+00 1.685303876974544313e-01
1.803207531480645054e+00 4.043006955075667541e-01
6.250000000000000000e-02 0.000000000000000000e+00
1.995184726672196929e+00 9.019828596704394519e-01
0.000000000000000000e+00 5.625000000000000000e-01
4.375000000000000000e-01 0.000000000000000000e+00
1.970031253194544085e+00 1.242980179903263815e+00
1.773010453362736882e+00 1.634393284163645488e+00
5.937500000000000000e-01 0.000000000000000000e+00
1.941544065183020695e+00 1.336889853392219996e+00
0.000000000000000000e+00 4.062500000000000000e-01
1.923879532511286738e+00 1.382683432365089837e+00
3.284410451529815589e-01 1.740951125354958995e+00
0.000000000000000000e+00 7.812500000000000000e-01
1.595699304492432802e+00 1.967924685193547241e-01
0.000000000000000000e+00 6.250000000000000000e-01
1.803207531480644832e+00 1.595699304492433246e+00
1.956940335732208824e+00 1.290284677254462276e+00
6.562500000000000000e-01 0.000000000000000000e+00
0.000000000000000000e+00 5.312500000000000000e-01
1.998795456205172405e+00 9.509323256725819018e-01
0.000000000000000000e+00 3.437500000000000000e-01
1.098017140329560881e+00 1.995184726672196707e+00
1.427555093430282085e+00 9.601070687655666180e-02
2.187500000000000000e-01 0.000000000000000000e+00
2.000000000000000000e+00 1.000000000000000000e+00
1.923879532511286516e+00 6.173165676349096076e-01
6.875000000000000000e-01 0.000000000000000000e+00
1.195090322016128415e+00 1.980785280403230431e+00
1.000000000000000000e+00 2.000000000000000000e+00
8.437500000000000000e-01 0.000000000000000000e+00
5.000000000000000000e-01 0.000000000000000000e+00
0.000000000000000000e+00 5.937500000000000000e-01
0.000000000000000000e+00 8.125000000000000000e-01
1.881921264348354939e+00 5.286032631740020804e-01
8.532695255446383076e-01 1.989176509964781125e+00
2.996874680545602576e-02 1.242980179903264037e+00
4.687500000000000000e-01 0.000000000000000000e+00
0.000000000000000000e+00 2.812500000000000000e-01
0.000000000000000000e+00 5.000000000000000000e-01
1.967924685193551682e-01 1.595699304492433468e+00
2.500000000000000000e-01 0.000000000000000000e+00
5.286032631740023024e-01 1.881921264348354939e+00
4.062500000000000000e-01 0.000000000000000000e+00
3.656067158363547343e-01 1.773010453362737104e+00
1.903989293123443449e+00 1.427555093430282085e+00
0.000000000000000000e+00 2.500000000000000000e-01
6.173165676349102737e-01 1.923879532511286738e+00
1.740951125354959217e+00 1.671558954847018441e+00
7.097153227455377245e-01 1.956940335732209046e+00
1.242980179903264037e+00 1.970031253194544085e+00
2.928932188134525383e-01 1.707106781186547462e+00
4.305966426779117562e-02 1.290284677254462276e+00
0.000000000000000000e+00 9.062500000000000000e-01
0.000000000000000000e+00 0.000000000000000000e+00
1.204543794827594994e-03 1.049067674327417876e+00
3.437500000000000000e-01 0.000000000000000000e+00
7.812500000000000000e-01 0.000000000000000000e+00
9.375000000000000000e-01 0.000000000000000000e+00
9.019828596704393409e-01 1.995184726672196929e+00
0.000000000000000000e+00 8.437500000000000000e-01
0.000000000000000000e+00 7.500000000000000000e-01
1.773010453362736660e+00 3.656067158363540681e-01
1.671558954847018441e+00 2.590488746450407831e-01
1.707106781186547462e+00 1.707106781186547462e+00
0.000000000000000000e+00 9.375000000000000000e-02
1.555570233019602178e+00 1.831469612302545125e+00
1.242980179903263815e+00 2.996874680545602576e-02
7.954113119173427116e-01 6.362124613762758507e-01
9.632092567739107825e-01 6.751183413777077647e-01
1.074182311923425948e+00 4.099084111300916877e-01
1.228553829059421343e+00 1.407904247858314140e+00
2.479424446117934888e-01 1.072750457801350921e+00
1.555648111166232361e+00 2.696079651232796692e-01
6.432511993606764289e-01 5.613006108972795616e-01
9.443846336666261720e-01 1.792627520061867763e+00
7.160185896788273663e-01 1.242293505778200746e+00
1.356130337298270705e+00 9.663394381337435668e-01
1.943485257647770137e-01 3.944416140943518556e-01
1.493992897915347395e+00 3.978854730662229056e-01
1.180781851904946889e+00 7.972625036469760396e-02
1.263975910783486478e+00 2.134799218693228529e-01
6.569089058638510892e-01 8.654394934897235991e-02
1.774047908095731430e+00 8.697968361594903275e-01
1.252748580404799528e+00 1.171644988007603860e+00
2.206541508006354402e-01 6.686648829888468537e-01
1.062691423902160093e-01 4.385236380071295681e-01
3.929056206632139947e-01 1.772889067064743918e+00
5.762900318946648781e-01 3.164485684741322746e-01
1.071656141246744465e+00 5.682793233086202989e-02
5.277199030986856609e-01 2.069704948216513074e-01
1.143119729410696506e+00 1.903105870861749205e+00
1.904103686379795768e+00 8.490256968507083890e-01
3.221503586020704191e-01 9.466804586540025213e-01
9.291715071069601706e-01 1.531175077307582733e+00
5.425276452979306274e-01 7.251276171079665822e-01
9.865544186417429806e-02 1.308784733017562596e+00
1.355704665219979566e+00 5.042631281864506931e-01
1.847015449810593957e-01 1.005815850436895253e-01
1.121817316239151818e+00 3.451309927657424392e-01
1.097352941995161091e+00 1.853851586168201226e+00
1.973437675571554584e+00 1.007759669293256444e+00
1.292033433089620598e+00 1.661062095700504448e+00
3.444802193137954660e-01 4.245078080452926450e-01
1.523898569171741713e+00 1.250662027031617773e+00
9.581894004880548987e-01 8.786640472339033447e-01
2.144367481993332269e-01 1.398373735167428356e+00
1.131657545654550345e+00 2.360618817992843343e-01
1.063759311322951318e+00 4.495805701177024716e-03
1.454399378568085988e+00 1.152615890646137897e+00
2.657733484652728961e-01 1.021861549094024380e+00
1.405648536565675455e+00 1.661975456292072995e+00
5.722451655844849050e-01 8.099741706531085050e-01
1.252417364763031005e+00 1.272561763675627455e+00
1.400388054166849638e+00 3.758253084282359158e-01
4.714053785642069450e-02 1.294833438393597325e+00
3.648844667719861601e-01 1.472277744192165061e+00
8.628485078107803741e-01 1.708984498449368949e+00
1.608205146303252286e+00 8.827121474042889382e-01
1.710332536032863615e+00 1.112315713161109887e+00
1.655289459418578302e+00 1.506877667299029389e+00
5.858804678354074813e-01 1.244655629247616524e+00
1.288485533585441711e+00 6.000000875880338036e-01
1.530627266235756512e+00 3.117392131069733896e-01
1.022864210475610491e+00 1.255491593028091657e+00
6.327699379425737458e-01 1.961735128695247798e-01
1.199103995527378563e+00 1.665615995003380201e+00
3.752898284395476125e-01 1.789911709260301187e-01
4.289468331354842068e-01 2.343756075500416092e-01
8.679201302623058556e-01 1.946761725156855860e-01
5.554698835456761685e-02 2.996728090207920747e-01
1.108271317708471093e+00 1.908706674961553773e+00
1.606982233260972892e+00 1.651856183697400615e+00
9.335796836308292157e-01 6.544374594007853485e-01
2.534858945816313991e-01 1.246671886078343228e+00
2.580573436526778508e-01 2.743192086510761740e-01
1.631813645597958828e+00 1.755928860215583143e+00
1.589167216167646890e+00 4.862761741211434341e-01
1.261566496550629912e+00 1.507720896886103779e+00
1.377433994404063888e+00 1.023283561342507086e+00
1.116065982390543887e-01 8.597271909031096726e-01
1.289959953610606558e+00 1.387962676198180034e-01
1.175585224250350391e+00 1.585688330681461533e+00
5.778825818769364187e-01 1.692245983480889615e+00
9.367343302940327465e-01 1.693061953302902545e+00
4.352644975945807460e-01 1.479668665693338658e+00
1.258801296411162118e+00 1.344544142483120597e+00
1.115850144592507087e+00 1.054956780841931563e+00
1.670591574889483955e-01 6.104608488547480505e-02
1.333675315337105260e+00 1.339369522406215429e+00
3.441685933100384620e-01 6.314215348636667002e-01
9.859453289983621804e-01 1.228646287552397354e-01
1.468773131609994120e+00 7.774078853528387789e-01
5.566556556037876025e-01 1.509886918552959978e+00
5.251377821186504757e-01 3.889003067241332268e-01
9.965832763841684372e-01 3.759802760620654105e-01
4.897619552670251508e-02 8.133849658506986380e-02
5.862627168137697353e-01 9.962657729597772516e-01
9.720308808139495049e-01 1.147827684114373081e-01
9.555056720414998317e-01 1.327961358401106740e+00
1.082204720212618598e+00 8.492515893449508191e-01
2.847289589518104957e-01 4.110218210460239163e-01
8.147547642169288284e-01 4.118801626739410082e-02
8.706156883400408830e-01 1.041226669156940288e+00
1.849745654071249579e+00 5.905262921102858442e-01
1.421555809923714886e+00 1.240860627455045329e+00
1.610963328292418284e+00 4.841911560103844270e-01
1.430343277667271096e+00 1.432957513926808479e+00
7.980799222487227063e-01 5.392726620665215798e-01
1.242715061787117437e+00 9.415119165264012047e-01
1.195887388189136757e+00 3.392610950617436227e-01
1.455493522193303857e+00 1.887264461878974009e+00
1.363003227460355626e+00 1.473754853245945462e+00
8.755147950502863985e-01 5.618614528114533879e-01
2.750831539843683338e-01 1.156190449237021856e+00
1.201185897875178821e+00 1.017305507074576010e+00
9.119409899960566612e-01 7.172909168723917706e-01
1.379835101745041648e-01 9.096248023068784772e-01
6.565215007150644322e-01 1.848959872653348269e+00
4.211120947239770373e-01 1.193032613541948894e-01
6.901934045075841517e-01 5.079046365980157685e-01
1.785319182010740802e+00 1.330872492466988577e+00
1.548718065583664538e+00 3.519618981650447509e-01
1.070189149855755195e+00 1.366105015927064015e+00
1.529730567809050701e+00 1.810643924174571984e+00
1.340035121887128700e+00 7.918928213429186069e-01
1.166710162714027277e+00 1.399908551407468948e+00
1.358560461766805894e+00 2.388259580037292995e-01
8.327576655051529553e-01 1.687862896176000715e+00
1.512456457691911282e+00 3.770098474978198499e-01
4.213491120741141849e-02 7.515847918922757831e-01
1.814860219479726089e+00 1.122302950948806277e+00
1.742711969386258719e+00 1.092071475041662021e+00
1.253004162898514462e-01 4.194468329177405419e-01
1.473842146391492358e+00 9.463198107823886929e-01
1.248162201359096279e+00 8.447810438179208514e-01
2.012510243352585437e-01 1.783587433738758055e-01
5.703823283878051154e-01 6.949268340912477804e-01
1.059518983014389626e+00 1.469152744419673029e+00
2.366529606706868627e-01 1.258957498703924482e+00
1.257963260041542686e+00 9.064185886725912855e-01
1.150355086032583740e+00 1.919690928340965108e+00
2.237045217720501356e-03 8.914758822387198745e-01
1.909148618678358833e+00 7.339056615591037502e-01
1.448190449941664015e+00 1.264743200810607870e+00
5.846706634790770352e-01 9.379273782550368033e-01
9.753391502308879080e-01 7.599303847006999568e-02
3.931530141745198659e-01 1.431489414403353422e+00
1.592705643569966911e+00 1.435620161408752704e+00
1.959052264763780915e-01 1.061734277712166330e+00
3.861903504151826816e-01 1.500845383634993979e+00
3.823391793010029183e-01 1.086231539040386718e+00
3.818089437322500501e-01 4.808483151244578035e-01
4.381814618814774409e-01 1.629450192089782368e+00
1.811168105597164013e+00 4.844314648221039743e-01
8.280716429186729677e-01 4.562283700468658942e-01
1.174091064627878600e+00 1.171801182449714318e-01
3.320734112059997578e-01 1.193266338326957721e+00
1.593966622337015471e+00 1.711657006367809597e+00
1.369372915560170378e+00 1.102187720571827789e+00
1.330671813795503144e-01 1.055906332400076142e+00
1.802029414927455164e+00 8.813822416833287932e-01
5.943027184456382006e-01 1.341586293753846304e+00
9.869576943293070226e-01 1.165666938326383795e+00
8.433426345968828564e-01 4.794812832730115382e-01
1.745136703015003343e+00 3.891484146857369097e-01
5.717169414463718624e-01 5.811521469879654678e-01
1.257626843932373895e+00 7.846342339046898928e-01
1.862330127138007940e+00 1.364022145930547492e+00
6.228296497753889049e-01 1.158843397526766683e+00
1.646419974063160430e+00 7.367819382592271094e-01
1.678504856051713956e+00 1.629774477614743589e+00
1.145817110561778041e+00 1.931014451465655091e+00
4.047046622612062716e-01 9.257370939439684143e-01
1.443054998299678759e+00 1.320179742276387902e+00
1.532704087950531591e-01 7.515869456436630180e-01
1.250832351431712341e+00 1.643712897645265736e+00
1.645977286020337438e+00 4.777939064925935675e-01
1.781290852726604701e-01 8.364565195540092368e-01
3.798703492456694253e-01 1.097317686265136150e+00
5.568500485873733030e-01 3.444936867325227858e-01
1.555922889491749839e-01 7.872179825121303764e-01
5.905974434894161185e-01 1.074890209246145201e+00
1.757858258945451668e+00 1.465559791461100936e+00
5.907612276277263152e-01 2.936707846149153589e-01
5.308920256808224991e-02 7.949913573818789825e-01
4.359139230585618030e-01 1.176998349295709234e+00
1.195346463624805233e+00 1.158846359849748486e+00
1.011158052920141159e+00 9.099261245803624831e-02
1.751320722675885122e+00 1.568827769439655739e+00
1.300325064472912739e+00 2.076102281548533046e-01
1.710622781441795803e+00 5.023064856026133729e-01
1.048327094735852283e+00 1.122038737500262728e+00
5.811243493193651855e-01 8.121001719049358858e-01
1.687283024947081600e-01 1.482933152079828343e-01
1.199846073504142074e+00 1.046869379615834372e+00
1.432225423924963437e+00 1.299191053138801788e-01
9.898145042236543567e-01 7.267261241800626603e-01
8.867482036950695701e-01 2.857108764145066537e-01
8.156760354093619547e-01 9.829257369811073008e-01
1.898696373673244286e+00 8.304251856982753921e-01
7.156996433356932474e-01 3.289954575631250933e-01
8.882714300997835988e-01 1.924122255156423211e+00
1.065015426900733031e+00 3.578880843916150134e-01
1.237557389415507858e+00 1.583130065138297571e+00
7.145448619208076835e-01 5.808886702548632375e-01
8.065273618370727426e-02 4.850946284769901418e-01
1.436602917138438462e+00 6.697620176282601534e-01
1.295570229803903795e+00 4.141621904860401937e-01
3.372186710348392680e-01 7.564959524896659460e-01
8.651020675779641511e-01 7.869960391896206886e-01
1.080416617358076925e+00 1.034061162038008019e+00
1.888400012638056236e+00 9.086178639985598160e-01
8.111104483120068487e-01 1.771969122841166255e+00
8.729978524224992764e-01 1.968600948534000139e+00
1.538707802128290281e+00 5.187279360487786484e-01
1.343538867160423811e+00 1.647994537989040165e+00
4.611771719315784779e-01 1.825161921263685372e+00
2.032660770794378902e-01 7.172497785380007596e-01
1.548928461951493141e-01 1.374725475811757081e+00
1.507780216959023090e+00 5.365949163706735803e-01
1.483261147872238839e+00 1.461803351327502609e+00
5.771024197473777484e-01 2.151699230485308867e-01
1.433188304563393078e+00 2.155091624558249652e-01
1.364663341906397598e+00 1.582794156219356152e+00
5.864716924634261197e-01 7.508365978120903339e-01
1.380225057871928618e+00 1.730946607873595555e+00
1.174139641431707570e+00 1.083437741668673571e+00
1.298205665204740455e+00 1.645271655559305879e+00
4.672951524071893292e-01 1.444827149889623907e+00
1.387445987441876083e+00 1.166984018762157183e+00
1.760010782146061104e+00 5.013908537923712494e-01
7.334877677454374467e-01 1.664597064114491598e+00
1.887493821810592998e-01 1.038079947280678983e-01
7.821636170477321848e-01 2.608979201248060598e-01
6.443539558367545883e-01 9.323498870620334777e-01
4.747666314266574261e-01 1.823927992121259667e+00
1.472387198998325486e+00 2.229307925280668012e-01
5.635254034776957521e-01 6.205013343953758032e-01
4.341817827785274808e-01 1.793004157174061808e+00
6.253035941030120615e-01 1.865707999079186941e-01
1.844639782948951146e+00 1.238053654646834367e+00
1.164059359802146032e+00 1.881490181390869321e+00
9.717177780976726797e-01 1.963473091466055198e+00
1.758690938665386616e+00 8.278306268589539219e-01
2.226661132754126360e-01 1.317213390199150069e-01
1.485879897814474493e+00 2.847456870909139681e-01
2.130563310862791937e-01 8.071877904169970641e-01
1.190153517046369736e+00 5.817763918649845323e-01
4.816917906493061174e-01 6.236299434879601922e-01
5.301075034710081013e-01 6.486095221309822190e-01
1.496064824679766314e+00 1.606124048557990847e+00
1.178217881011254908e+00 1.650140750335955531e-01
1.304472431266373134e+00 2.142174748209464408e-01
9.604381495425959869e-01 1.318495969161165515e+00
1.596175992426210888e+00 6.072019944616928733e-01
9.877939619409474847e-01 1.082855916685190323e-01
6.613382099499178768e-01 1.722370135313580075e+00
3.117540953646209534e-01 1.283741197266276890e+00
8.823116877864820573e-01 1.641197580186066762e-01
8.939961050839284606e-01 1.032225058223033898e+00
5.400285180017379005e-01 4.157078245722332088e-01
3.999206180030747682e-01 1.106633680311548185e+00
4.827874368137343719e-01 1.708033115507995081e+00
1.343456026688278016e+00 5.171313314633005920e-01
6.920271979574503796e-01 5.865705857279308599e-01
1.414954210243752897e-01 8.799963593673898465e-01
5.895688082702132959e-02 2.543371605362332311e-02
1.008392225077422655e+00 2.998726372388991201e-01
1.145728886601045104e+00 1.856760112253419637e+00
8.674822056580515639e-01 1.131463859170552144e+00
1.665744229374700902e+00 7.058423835799958468e-01
8.538107477505276766e-01 7.387042017217428924e-01
1.293060072263078952e+00 1.111440392833351609e-01
1.259541584808041348e+00 1.289352358914728658e+00
4.796460217114502100e-01 1.381571674236200309e+00
9.837020898028556726e-01 1.669402741873637908e-02
1.784511387776663627e+00 1.041879806252317353e+00
1.835912030303178843e+00 8.906310324596911077e-01
3.890533841321401898e-01 2.195302489221089282e-01
9.709541260654950268e-01 9.301540491477784389e-01
9.227675907660413124e-01 7.179983442042503494e-01
5.512821500697557831e-01 1.256614262693711570e+00
4.447414524744830455e-01 1.726626331146517979e+00
4.135773313923714056e-01 2.608038170477255946e-01
9.725422115188882000e-01 1.932509472601007028e+00
1.418107352659326859e+00 1.354654841269377075e+00
1.540391220079694756e+00 1.440327891599398891e+00
5.149484713128100744e-01 1.198777095040382434e+00
3.491558205828602102e-01 9.493398411233933132e-01
9.258657292693881491e-01 1.131276602724590630e+00
4.884408970335973876e-02 1.108097251015162099e+00
1.631209642771479285e+00 4.926370239100081871e-01
1.459654283959256116e+00 1.731081011257577629e+00
6.482769343283392161e-01 7.272238438247891068e-02
6.195564141004212821e-01 3.544332143633013299e-01
3.219022767196222379e-01 1.554347546607533381e+00
1.047347348345574414e+00 9.793010752645170403e-01
9.482421532479472503e-01 1.445663571071486020e+00
1.161391030536702784e+00 1.968858549165951821e+00
1.469787954030541854e+00 9.804847696384311195e-01
1.055592692492434592e+00 1.196839859251246585e+00
1.239264110124087326e+00 1.954495863897890207e+00
4.994708007631067925e-01 4.994287912495778414e-01
1.845845750352174131e+00 1.078630641860664818e+00
1.567986600187046831e+00 1.255302468979903940e+00
1.757899008845304811e+00 5.686457514582448081e-01
1.831312557029646015e+00 9.079488731029161652e-01
1.049591714588782310e-02 3.829230363002220638e-01
3.713506334457723490e-01 1.228950933172439308e+00
3.537743461484075258e-01 1.106671684916716636e+00
1.491852854459567501e+00 1.283676539053990373e+00
1.464665349264357763e+00 4.746093254079946089e-01
8.917691178026780907e-01 1.104547737587083356e+00
1.638903394216357112e+00 8.761468702032828570e-01
1.660933460327645994e+00 1.034019150715432156e+00
2.458806837551807956e-01 8.458366560418792979e-01
1.317655021209322985e+00 1.274192957489353795e+00
1.824370524726834031e+00 6.378583985449040039e-01
9.474864347837619327e-01 1.752007003730400081e+00
1.787690767544197312e+00 1.327189802376126160e+00
1.069366494852689753e+00 1.596826123934413921e-02
1.437312911995188180e+00 4.360208140233090557e-01
8.981912207312690022e-01 5.560645819554510538e-01
5.153243751982001797e-01 5.168523417742409976e-02
1.115416759457369178e+00 3.934652328596743853e-01
2.287885566572744889e-01 2.217198688866315326e-01
1.029610362126073486e+00 4.361872939337245736e-01
1.556788926713020160e+00 1.254070799569892314e+00
1.176316587031362992e+00 5.289706840445445035e-01
5.097265346492663163e-01 3.028489488938594931e-01
1.741180939378318193e+00 3.292070806687348306e-01
3.740799667519913996e-01 1.370114427683979397e+00
3.254130841572639987e-01 1.519501440865095088e+00
4.327375238059572027e-01 1.048293290479875850e+00
8.253500811034815143e-01 1.212387215250657846e+00
1.420012358604787250e+00 1.487016320659320101e+00
1.223547769388923179e+00 6.145622506792511874e-01
3.469351939146227970e-01 2.875514709310096340e-01
7.198358038596142094e-01 1.860162672680512053e-01
8.712708065896923593e-02 1.069852307393734048e+00
1.891128314222888962e+00 1.337724045017543384e+00
1.115773514357882190e+00 2.867223339787192682e-01
1.626544640417158627e+00 1.348912787828884019e+00
8.842084515033636904e-01 8.306829725952553645e-01
1.591656722260310630e+00 1.236001040416763175e+00
1.143988668210072168e+00 7.004869240185500612e-01
8.177407191036487610e-01 1.682252860922667681e+00
1.179021009850409474e+00 1.935057930042637597e+00
1.113185521525055011e+00 9.460493328296746274e-01
1.484167914152001444e-01 1.512196560907154819e+00
9.163398771681328103e-01 6.139618611691906036e-01
1.313892229318802007e+00 9.678900472726281734e-02
9.513667548430859711e-02 4.250273592233810849e-01
4.187091601786796513e-01 6.401369048323155564e-01
3.027911090137989092e-01 9.521444318993355083e-01
3.867638119671774621e-01 3.374373008227773418e-01
1.248220948079229897e+00 4.097684705563622298e-01
1.075839516053106903e+00 1.516605048047310111e+00
5.123133838189490863e-01 6.495509389132347877e-01
8.983285871546102808e-01 1.753704406819285744e+00
3.388224257448073651e-01 4.062577315934636779e-01
3.771394570576764860e-01 4.179263879690058303e-01
1.557335435577574367e+00 3.059241270529191592e-01
1.634474526712006881e+00 1.736644177084125662e+00
1.816857973578039909e+00 5.867210566153222562e-01
1.340569565520797202e-01 7.975700206550579985e-01
5.083815947269687552e-01 1.452631436259349984e+00
1.685566217442857173e+00 6.741645648544898339e-01
9.979989199205552275e-01 1.320274040276263161e+00
4.432403816519139284e-01 6.730554223932068147e-01
1.373532145479821054e+00 1.269611083108494798e+00
2.866371041347370863e-01 1.168649644031393819e+00
1.427980150706074758e+00 9.087596306912717470e-01
1.082709480422030079e+00 8.307830935598670141e-01
1.116720964588179266e+00 1.627960828705933505e+00
1.360652714330395252e+00 1.890561907781374451e+00
9.946966109608004203e-01 6.667781528772869226e-01
1.218229743079788596e+00 1.110432355051087061e+00
1.372079246552557974e+00 1.282431586366329590e+00
1.001483483152692422e+00 5.692180908450554799e-01
2.612768514472463277e-01 2.737989800348195057e-01
2.295783777753321875e-01 1.393680445439174020e+00
5.582961595564830404e-01 5.883400057926893023e-01
8.871506977797303239e-01 1.855389278535672926e+00
6.425568408487516425e-01 7.390334099943940416e-02
1.110462395608436514e+00 1.040870203880471134e+00
6.041921820743885174e-01 1.199458053909060684e+00
1.328677088722710176e+00 2.022339065248506262e-01
5.897417220343081912e-01 5.964620173778716339e-01
1.448039044049145074e+00 6.599251881685099796e-01
7.637778938895418701e-01 1.060852917790108263e+00
5.800095499939548205e-01 3.787405213100538681e-01
9.155488466508530099e-01 1.626663710336863522e+00
1.125071999177642557e+00 1.003637879336530814e+00
1.717587489292718317e+00 8.286355115241696989e-01
8.518488942622728377e-01 1.582671220504849430e+00
1.099691753388310378e+00 8.552557918520407032e-01
1.893770486283073540e+00 1.078270017116832236e+00
2.171033307329877093e-01 6.090469792182677811e-01
9.520503443744821048e-01 3.200226123833362912e-01
3.604697612627356662e-01 1.763176101563545650e+00
1.310542915946364406e+00 2.539817884876782728e-01
1.661358537313236239e+00 1.211024686863595434e+00
9.260760310533191486e-01 1.368074327637909926e+00
8.694950937992773632e-03 1.393931455365593486e-02
1.790776775118705366e-01 3.674345759998478567e-01
1.719689074357712233e+00 6.116892488007317219e-01
5.030270070783342540e-01 3.918256645346926970e-01
1.150956578617563508e-01 3.909052516586495329e-01
1.243168907758901875e+00 7.943489365991744933e-01
7.913687335496208952e-01 1.407004674024019186e+00
6.771269107285562416e-01 2.726268394363573488e-01
9.289618625945257335e-01 7.235946658653231722e-01
1.464905694429943450e+00 1.438428668197881066e+00
9.558142182587407998e-01 8.481571240900254161e-02
7.864746342925628131e-01 9.178792948594511891e-01
1.095559641757360980e+00 5.978428442550431932e-02
5.885159410654827727e-01 1.580082336034389634e-01
2.965378745487798895e-01 4.079565509010680824e-01
1.137873181976141401e+00 1.832189280377254370e+00
8.073735113793345519e-02 7.834141895400665856e-01
1.500538433312120556e+00 1.694342951085715532e+00
2.574482372828033050e-01 1.188578807826593753e+00
1.102392362303056705e+00 1.300644321258107361e+00
1.405173185597482943e+00 1.166371438250117798e-01
9.584606911940409812e-01 1.664581832494397062e+00
6.329467606951986181e-01 6.569801038668749982e-01
2.760042227050505392e-01 5.677883292656249470e-01
8.820420537975013353e-01 1.158640864444392404e+00
1.062009345949673111e+00 1.581646437655730653e+00
1.807008061769582952e+00 1.352177365217162919e+00
6.156640455334903006e-01 5.142111799749395917e-01
6.408100446202706912e-01 8.380724938280637026e-02
6.554447645873886508e-01 9.393938321308976658e-01
3.253142187339663760e-01 1.145352465925055574e+00
1.410438270720932863e+00 3.591896627010218168e-01
1.502907828122786116e+00 1.652481954029626721e+00
1.220338542002789461e+00 1.312520352185256645e+00
4.675917755511549423e-01 7.570335998124522181e-01
1.064721119400780402e+00 1.486583139683552268e+00
1.827929564658683725e+00 5.868823578256223694e-01
8.418407916900783050e-02 3.924536399948155285e-01
1.053016629598514609e+00 1.860624073005238133e+00
1.806176954552966007e+00 7.431638211064093280e-01
9.311098914510007596e-01 1.055263931488684470e+00
1.433198072684094715e+00 1.637448863776067576e-01
9.492833191942491311e-01 1.111810938642478597e+00
7.088500682613081416e-01 1.367928479656832508e-03
8.628044999720874131e-02 1.364818417346107315e+00
8.263160253648993425e-02 3.930085220042618399e-01
2.949048395129882927e-02 6.511313633025153091e-01
2.775938407426628007e-01 6.121560836329327238e-01
1.267754911836884268e+00 8.039856505134010956e-01
6.137966184713903317e-01 4.634566112590832176e-03
1.213856223037635740e+00 1.595741514682607054e-01
5.882428329622224616e-01 1.198531599743002163e+00
1.748822422281432143e+00 4.554922037433994930e-01
7.314841323284086982e-01 4.164913040755267026e-01
4.875753941133200708e-01 1.421962655970285150e+00
1.140525034486177480e+00 3.966438517520198825e-01
3.994537516728766668e-01 1.494093173183634438e+00
3.205688551549699117e-01 1.394790277991450278e+00
1.880978524587837653e+00 7.150243530502375933e-01
7.507774857405071778e-01 1.054770478154360536e+00
1.747746402349461992e+00 1.595057284859215940e+00
1.063366527481306445e-01 1.025187407499221104e+00
1.458250560973123777e+00 4.092517731547895554e-01
1.533081379846398695e+00 8.214989115361104322e-01
1.208676115093573200e+00 1.239753160687731226e+00
7.642034647425810512e-01 1.275772116094982200e+00
6.868464130295548475e-01 1.430432456188522661e+00
1.563487150093019862e+00 1.142552062758827924e+00
1.146407038923504595e+00 1.604014111232899609e+00
2.438068942946212125e-01 1.118535884761943988e+00
3.608236578194137234e-01 1.183843932398484622e+00
1.573120333611497168e+00 3.637862031999177237e-01
9.020652411907115198e-01 1.384871523373463642e+00
1.132768886634416550e-01 1.347993945204804422e+00
7.354761671839367132e-01 1.581031634096496941e+00
1.320355611688003306e+00 1.887110344084268254e+00
3.712682454106308594e-01 6.832160416521879664e-01
9.874183780074199390e-01 1.786854968567422208e+00
3.043218141101375895e-01 7.716523042613820937e-01
9.678309167094818477e-01 4.229620498748056789e-01
5.076289216052662923e-01 1.132373173337517080e+00
3.010435136520817068e-02 1.477766706442842359e-01
8.236920751295473409e-02 1.149110747903475671e+00
1.791876115615440801e+00 7.046964169185305771e-01
1.110881619425562850e+00 7.690244801603811631e-01
1.372941981564785197e+00 1.721513796379982919e+00
6.591855002908399985e-01 1.158531389963464830e+00
1.899484497996946741e+00 8.458421973669398852e-01
1.210290826862903790e+00 9.697345990420174200e-01
7.579133680294758424e-01 1.563671339455369624e+00
1.298991244735742345e+00 9.430469200691675713e-01
1.094130408675990429e+00 1.792456324357813102e+00
2.700712418316992824e-01 1.584155079351847073e+00
1.477898808851950907e+00 1.353703022255323463e+00
1.089754705358202624e+00 3.834178829245875608e-01
1.566118822869989824e+00 1.358611236058487881e+00
1.046819615318623109e+00 1.444353013625236715e+00
1.485320240493695154e+00 1.351233921225793999e-01
8.241425181233601460e-01 8.959501016001938378e-01
1.389958977256834372e+00 1.794185805328911254e+00
1.568565832654783554e+00 8.429598828632636209e-01
9.731184728978872212e-01 1.583239315315874585e+00
1.024096388983171124e-01 1.650605515742586960e-03
1.650521052204041439e-01 2.552921499887386148e-01
8.219818016198046084e-01 1.733012589935868597e+00
1.586952575097022589e-01 8.733433268018455653e-01
1.926297804095512323e+00 1.150116812927595600e+00
7.050347971202393094e-01 9.324353231956252763e-01
1.078388268817413120e+00 9.539307908582310702e-01
4.107714100786741263e-02 1.220996524337189193e+00
9.123028157662762538e-01 5.695825679561328236e-02
1.751644844247225219e+00 1.123184612014835881e+00
4.631254811024410056e-01 5.225195559851913973e-01
1.153069647961427746e+00 1.967132591205941416e+00
1.654677710488388076e-01 1.319503159064113751e+00
1.126709561706963569e+00 7.112527163761928062e-01
8.959456351531382978e-01 1.916939962469647929e+00
3.718106759641666148e-01 5.112428515665912165e-02
1.206461998536904501e+00 1.851725996837831456e+00
1.445747269671639357e+00 1.683870523025490229e+00
1.863586710347843622e+00 1.222252454299967539e+00
6.222399307140826785e-01 7.195105733855513552e-01
4.093381887886600179e-01 1.041003733431532741e+00
1.048346043244405168e+00 6.040323764596888800e-01
1.426271897329798088e+00 1.601148505660504817e+00
4.426048688583363866e-01 8.758242474272637246e-01
1.092730507372559501e+00 4.494317900904776231e-02
1.058167834321417589e+00 7.498293434301488425e-01
1.323468520510089119e+00 6.290197385659261897e-01
1.330237903282336820e+00 1.107404898142370087e-01
3.986115578252076297e-01 1.036437085566500826e+00
1.066014842192225753e+00 5.624420231880427057e-01
1.050958724572225611e+00 1.291716816972080073e+00
9.691065869937620647e-01 8.475363289331974137e-01
1.586394567713586667e+00 1.677341339530674658e+00
5.715623901091664294e-01 9.201894591977852755e-01
7.266989645176893386e-01 7.450745646352161522e-01
1.182757503232846341e+00 1.932909738579430714e+00
5.709059796489224237e-01 1.386357967981393102e+00
1.882086163084478292e+00 1.309657214790344915e+00
4.614426107931277610e-01 6.758246403800967084e-01
1.636294667480548526e+00 9.962630293213057264e-01
7.537338002054123631e-01 1.156906081878247061e+00
8.900847294801352838e-01 4.518255019100205772e-01
2.267806096249858072e-01 1.324094652568566621e+00
4.429579024498888629e-01 8.964287384635520883e-01
9.944341180423381665e-01 8.587012674206269125e-01
5.236642136861362484e-01 2.432710503824186965e-01
1.411330758393845919e+00 7.262712230032091210e-01
1.901171537026036029e+00 9.431206741921787096e-01
5.193573484976428123e-01 5.824161068093667293e-01
1.708030815678095449e+00 1.411583745549526814e+00
1.052813735596221489e+00 1.892182569288115124e+00
1.169141706708975104e+00 1.594042266271709307e+00
7.303802690093379457e-01 1.715321846573081732e+00
1.720499455240316111e+00 3.330914947618199839e-01
8.766834949154078682e-01 8.577950416375161868e-01
1.651717166410114235e+00 1.747453407278472648e+00
1.667666803343678339e+00 1.299628657949928767e+00
2.487034482743448738e-01 9.903485852613218565e-01
1.788789067814018363e-01 2.898389781308592372e-01
1.861913330427279689e+00 1.098960956627085261e+00
3.115929247841375815e-01 1.692105380719422181e+00
2.955593820871889044e-01 1.699323006916876100e+00
2.274200875050642612e-01 3.489307495797149272e-01
5.597150149334300107e-01 1.130181836383267413e+00
7.533084579141917647e-01 4.412620536502873669e-01
1.950946111047180409e-02 5.295816384565621426e-02
7.780315264914610118e-01 3.941886159757479469e-02
4.533535898175562462e-01 1.058067876590498946e+00
4.140775369776372727e-01 1.693366415913894363e+00
1.641046275710420499e-01 1.110421093141418458e+00
8.497217462467829829e-01 1.901117754920215841e+00
1.660582091248465009e+00 1.211317329704062029e+00
1.492634482410537089e+00 1.108646137631718487e+00
1.535558757584110090e+00 5.975110116739044130e-01
8.380180039558668970e-01 1.983011707814958058e+00
1.412401229232830735e+00 4.891789748894124212e-01
1.432880801035466112e+00 2.148015399040701379e-01
9.187902315885223548e-01 1.804816295071800969e+00
1.541085937173988452e+00 1.243829454654148847e+00
1.402695308643372663e+00 3.714552255548271287e-01
1.739187770164297264e+00 1.426209687519130354e+00
1.491216948526655761e+00 1.736133806686138259e+00
4.071264368761327024e-01 5.177800278054922600e-03
1.914782446682725681e+00 6.558571344165258221e-01
7.787376374293000225e-01 1.311763853403491664e+00
6.790513542734351038e-01 1.925970689902035460e+00
9.998945709867574916e-01 2.641283574704778037e-01
1.664351240821808631e-01 1.296789446254182909e-01
1.964521732484287853e+00 1.150147327932258268e+00
1.352848901781809055e-01 9.745409785331413666e-01
1.076768669364054798e+00 3.337542424848241041e-01
1.231359892793685962e+00 6.468123796161979744e-01
9.414025988097820541e-01 7.056111538519422854e-01
9.837360518986277835e-01 4.698340105187348570e-02
8.397023848842830596e-01 7.948061195398972156e-01
1.156453449861238880e+00 7.010091936390114853e-01
9.138597953722693568e-01 1.076833918379628496e+00
1.540589365888669349e+00 2.348402053924829591e-01
1.099582659357584147e+00 3.808870857841029078e-02
3.811650571370457374e-01 8.190437312107587964e-01
8.600944304561197740e-01 1.357586846157330163e+00
1.378779112350616121e+00 1.456446779326118657e+00
8.324280178493062010e-01 1.870293268805563125e+00
1.372644923550306428e+00 6.440191922289135729e-01
1.674523702467377362e+00 1.269404237352155240e+00
4.628332341083303270e-01 1.679433525341075928e+00
1.550685349790581480e+00 1.382511362492076401e+00
6.872027093029899891e-01 1.555765159823468968e+00
8.021923364752006069e-01 8.725562448486077205e-01
1.128435251089742852e+00 9.589256951297686626e-02
1.179710692887819823e+00 5.070389938221930848e-02
1.836449295578889362e+00 1.354787388126908354e+00
4.673530740049234300e-01 1.245517388599793218e+00
2.108525655691437795e-01 1.427833719688745839e+00
1.300508885050823515e+00 1.558878153509294817e+00
1.277237947839626964e+00 8.604952946066368735e-01
7.473743071443017527e-02 1.190315311183956393e+00
1.500052271537051451e+00 1.326198027498768583e+00
1.442476101350673057e+00 6.801621692242538764e-01
7.471745192501262345e-01 8.487133616124784563e-01
7.906603484950422978e-01 6.133670446871777315e-01
2.975972652984033573e-01 5.017552547351376013e-01
7.018560937979330117e-01 3.718541554939938099e-01
1.774933146963306063e+00 5.936287700773599241e-01
1.148941525477489733e+00 1.584011537764551392e-02
7.933297948746411699e-01 1.475832742207908721e+00
1.411997588956511729e+00 1.002152180402548165e+00
1.342587269002108341e+00 6.182127281498903670e-01
9.118602007221223715e-01 3.745182432962550489e-01
1.956560665153008083e+00 1.209028913347395928e+00
3.883526444374165720e-01 5.011126785714437037e-01
8.244676687344543176e-01 1.828353572662786419e+00
1.383982219634856126e-01 5.809225696836826103e-01
3.677231313383813038e-01 3.524826378462737608e-01
5.572964264450859240e-01 5.865079408026827590e-01
3.292911152564124144e-01 9.412351496775601678e-01
1.020887023470516741e+00 6.944745822121431988e-01
1.259527533330488724e+00 3.397578810801260563e-01
5.281507275779280253e-01 4.286413675764619846e-01
1.237179287513972881e+00 1.580114381753736641e+00
1.383512342014916019e+00 9.928006637751263241e-02
5.821701201281574978e-01 1.688317388315747625e+00
7.506305680782661138e-01 5.120861775208696010e-01
6.510992502863970355e-01 1.765435833754334105e-01
1.922383908267183417e+00 8.732238799079883318e-01
6.154036944817220522e-01 1.623221211366906003e+00
4.247099513220213840e-01 1.013850133526591701e+00
1.183227496087023933e+00 2.882517210238002558e-01
6.400395081652530127e-01 7.011554991268773573e-01
9.070673171628247378e-01 1.373710996604506906e-01
6.295497632804407662e-01 5.443434766575165895e-01
1.732058917973243739e+00 9.717161736767365721e-01
9.212538335005338030e-01 3.636547302611159438e-02
8.945228867306442844e-01 4.221263543744073754e-01
9.198871885473591803e-01 1.596718461873558592e+00
1.497390341266829017e+00 4.976755371407752815e-01
9.675305194399637099e-01 2.280856905761852182e-02
1.593829105902161203e+00 1.713569198335589183e+00
1.919476859223588239e+00 8.361986552909035364e-01
1.477225926914573995e+00 1.644139153219466021e+00
1.221178167725837982e+00 1.274003185911070313e+00
1.012334778919172784e-01 1.306910560530359700e+00
1.216486697078033696e+00 8.575976017923869765e-01
1.334059487495784513e+00 8.619018378540852510e-01
1.128054519636732422e+00 1.352391966215851893e+00
1.464310453819519076e+00 1.267350246428853522e+00
5.574686628542253608e-01 5.145909306206883915e-01
7.047061343187668303e-01 1.761950044121585179e-01
7.483709700859997316e-01 5.075987530844714435e-01
2.369866789995060952e-01 9.371728310073652590e-01
5.859760505629463267e-01 1.125720457041781808e+00
4.074817490443971568e-01 1.385250228809503659e+00
1.392014746013357840e+00 5.938264437484321867e-01
1.143878371124918303e+00 4.900216095166518571e-01
1.063888506437536963e+00 4.149812879259235920e-01
1.358188050752255904e+00 1.884017334414278544e+00
1.260651927470324507e+00 2.313711948191174983e-01
1.613103549029182515e+00 1.448158377672033259e+00
1.561711044703496976e+00 1.535853223613865559e+00
1.124445914511434941e+00 1.555255216752512659e+00
1.220191013876372965e+00 1.340337804509906139e+00
6.909963381441450725e-01 1.087496125632763100e-01
4.356972602665438732e-01 1.642810614758719368e+00
9.645073787160474144e-01 1.079563110740348053e+00
5.338484305968909105e-01 1.193157980593327672e+00
6.543574753893104390e-01 5.312457514472135323e-02
5.411735865815225921e-03 1.017575642928862933e+00
8.014917315845542234e-01 2.628647938534505180e-01
5.394571398230660897e-01 6.511279312041733380e-01
1.759883272726974202e-01 6.156304623276851462e-01
1.290549900663133132e+00 1.910258755101700290e+00
1.270126395205270375e+00 9.422528596625714403e-01
1.232628051046906315e+00 1.270547855702633955e+00
1.438386561832641908e+00 5.666645841578650256e-01
1.832976242409910084e+00 7.695370979406923606e-01
9.157743118222305689e-01 9.434852839979404049e-01
5.273639083893026935e-01 4.789011632127211371e-01
9.239278351881030638e-02 2.855214584818095425e-01
5.065471664253922146e-01 1.846508012872048798e+00
1.683517930952205255e+00 1.036677986932651674e+00
5.217836743111461395e-01 9.677776841933118934e-01
1.913705716255360345e+00 6.457518155902162160e-01
1.491646170393236215e+00 1.452119732582341394e+00
2.810867017410483282e-01 2.671151744460029676e-01
5.021352370453127101e-01 1.819852578330720227e+00
9.671747415914522250e-02 6.261469965740267263e-01
6.983567475643492894e-01 8.679459893702405893e-01
1.544077049000303292e+00 3.293195525173779892e-01
1.209966625087637526e+00 3.564982807799585984e-01
8.643578299256438058e-02 8.400737340394484054e-01
6.412155357235980180e-01 1.927078096601395396e+00
5.742349911112321070e-01 6.734411987336288430e-01
4.837718250979701207e-01 1.415181408652132378e+00
4.332963444927391272e-01 1.647767925541152145e+00
8.732621867313254960e-01 2.352008361745299148e-01
2.317979448742342186e-01 5.372119002237500940e-01
1.297068332018713743e-01 1.821865107162579100e-02
7.386078219519798260e-01 1.202457233472367326e+00
7.215359739699116481e-01 7.853774797339958536e-01
1.960304429421558359e+00 1.092338367052480219e+00
4.467819640566039752e-01 9.302610545021829935e-01
3.805561832514197107e-01 1.014666994800369704e+00
1.067916009399467070e+00 1.359615453508935090e+00
4.142963312091372252e-01 8.082317623984169863e-02
9.208683532512065284e-01 1.404105200700225264e+00
1.163531011013870353e+00 7.185328710736640367e-01
5.513633853849555511e-01 2.306567062586637462e-01
1.604615632585746576e+00 3.751867106960495857e-01
2.080902115249065876e-01 5.410031512185842217e-01
4.857063357280009264e-01 5.215023164509635656e-02
1.765319407193343570e+00 1.076710320639785001e+00
1.490263453975057217e+00 3.938159574907789118e-01
7.811235072715001504e-01 2.061654525462626175e-01
1.812637756375214959e-01 7.930145041041058995e-02
1.786287319208768265e+00 5.860873736856160310e-01
1.463836572263125912e+00 1.418774067650416804e+00
7.613419013041986538e-01 1.718555882853979755e+00
3.922423800464984733e-01 1.426496189893239563e+00
1.651212352914753767e+00 1.060331892753341387e+00
1.233410956095936539e+00 8.495785980981995777e-02
1.190263845660901820e+00 1.666847088431774981e+00
6.337183427300470129e-01 9.680065736893934680e-01
1.246939731020337172e+00 4.216022671408257150e-01
4.544257029199469944e-01 3.181930173680387330e-01
1.263507830865536974e+00 1.439420155097028697e-01
1.916164531842919683e+00 1.007629667059137368e+00
1.150943650350113145e+00 1.568204447515376465e+00
6.598387310255051652e-01 1.315339525649376951e+00
8.420814461794674521e-01 4.267743845544689218e-01
4.392194057609100089e-01 5.527544408734188508e-01
7.467159514377221807e-01 1.216332993179719990e+00
1.370503424246676705e+00 9.397095114086717604e-01
7.721028277259445183e-01 3.958190447787386379e-01
3.684921175603756982e-01 4.147398675712885563e-01
4.772276058097808527e-01 1.426729259276753314e+00
1.874288995332409336e-01 5.462551697190227706e-01
1.726977371263686889e+00 1.613305313732715129e+00
1.109150675804531971e+00 4.948033716943882609e-01
2.358410357868760965e-01 1.111195830973862986e+00
1.600616591630461993e+00 3.701366034468533961e-01
1.936535090917621105e+00 1.211811108988155139e+00
1.818981850918104382e-01 1.830104217287016333e-01
3.065419762876469001e-01 1.084689606249279903e+00
6.628712101236360343e-01 1.177808435242553742e+00
1.775292354303619202e+00 9.727814401301266845e-01
1.843382112588892507e+00 1.281701127847999944e+00
1.015457077021635568e+00 1.745728148920469458e+00
1.529813678258038045e+00 7.750549329406546395e-01
5.200521441207062168e-01 6.228474256381020258e-01
1.910099888776650046e+00 7.253097209564882686e-01
8.156541364010136963e-01 1.177298589486301061e+00
7.053632000082994402e-01 7.705758362468233535e-01
1.430599978561248653e+00 4.717191515247201039e-01
1.360028699259036689e+00 8.088342766881506662e-01
1.636877043276722565e+00 1.153450393398687046e+00
1.684756755113481441e+00 1.154723406184462675e+00
1.075006542210003468e+00 6.453229942058840152e-01
1.810832268865312011e+00 8.598818785646482610e-01
9.998636223820007718e-01 1.913951030487155647e+00
1.006146286764251663e+00 1.323277079285925861e+00
7.721880139264489795e-01 1.161199568855757924e+00
1.390901111361998232e+00 1.517935000729195183e+00
2.884869186597398549e-01 9.031876064531356718e-01
1.934311829581655262e+00 1.005939612847748910e+00
1.096489241486584110e+00 1.817086071894833621e+00
8.306880558674356596e-01 1.700377417786220757e-01
8.805086428866368831e-01 3.386426774359301284e-01
5.692310139510212696e-01 8.555860219831012969e-02
1.095873221565882405e+00 1.879007463022469127e+00
3.324548787096255342e-01 3.223212611680785766e-01
9.132045950646778820e-01 1.071508613908884966e+00
1.628469750039723163e+00 6.739872286127237544e-01
2.984649703820574373e-01 7.144982281197296281e-01
9.633519335020717111e-01 1.041571105412090192e+00
2.417176979858939312e-01 1.612520859362613912e+00
8.960585874735649270e-02 2.080512354574610701e-01
1.018635264890060954e+00 1.454428397461931644e+00
3.584051126576939250e-01 6.241297398558067755e-01
4.293252550755077834e-02 8.309177002382024391e-01
3.335359474762664700e-01 2.289596584757318531e-01
1.872513774313949497e+00 1.182321048387743323e+00
1.330712524231157490e+00 1.138856115440596284e-01
9.607658358446800051e-01 1.984178005814951629e-01
5.325212048758387606e-01 2.681124928986331479e-01
8.538164531286809300e-01 7.687725371544180675e-01
2.147890564217567189e-01 2.404402649834231909e-01
1.560475464015370184e+00 1.476905518809806361e+00
1.298447810605978470e+00 1.153160390213859410e+00
7.290415391860560756e-01 1.547695682188506838e+00
1.575558565780381892e+00 1.131851012126206202e+00
4.236529458344031607e-01 1.587402228943450400e+00
8.521029081411894968e-01 1.730800186116897343e+00
8.504816335663236693e-01 2.492654481285971890e-01
5.236752180069723650e-01 1.336634906194387629e+00
1.567686321368271685e+00 1.758964870367121680e+00
9.844063957052022751e-01 6.783037844875681177e-01
1.861315082301777668e+00 1.377168342615251895e+00
1.798006141023039683e+00 1.237445786868013542e+00
9.664854194179397506e-01 1.846981687107072778e+00
1.369641374933796119e+00 1.803988094620189164e+00
5.383874046777679112e-01 6.505334760487377910e-01
4.746824069887372044e-01 2.327584234863766532e-01
8.504591438524427005e-01 1.677079905404217142e+00
7.566934451640749959e-01 1.131889347257030831e+00
4.766450539297222289e-01 1.652825499913659568e+00
7.554104486838866261e-01 1.015153685396200656e+00
5.307140027504664292e-01 5.749281651032729368e-01
5.946836025773796219e-01 1.345792307061980386e+00
1.245374185866221506e+00 1.248488035428391596e+00
2.772039079839645481e-01 1.459789930029246063e+00
2.952241070666572487e-01 3.795533039802430064e-01
9.597253019109033279e-01 1.805855780361246499e+00
5.020001367061617259e-01 1.824074074774796106e+00
5.538708144530570809e-01 1.212609545034421865e+00
3.551169955029496172e-01 1.571691007864129297e+00
1.305829567514732226e+00 1.854061282221153961e+00
8.227412142581602694e-01 5.025913894834985740e-01
6.701597539842145679e-01 3.291938385589450178e-01
1.227305855448535876e+00 6.380025502700654716e-01
7.655716957253089205e-01 2.264399214619969847e-01
5.236644612195664461e-01 6.989269285760701944e-01
1.595415496114054310e+00 1.489840189699760398e+00
4.577351714502162494e-01 2.931959375155268610e-01
1.235377090164727854e+00 1.516668985000853231e+00
1.617765683139669397e+00 7.186099092483118067e-01
1.790533225138275508e+00 1.314233682654419866e+00
3.889462298988224376e-01 1.816391532506076434e-01
1.137805664494477398e+00 1.074929215384188286e+00
1.638222435241317498e+00 7.941982201213486636e-01
5.637141931909217529e-01 3.271066662142552151e-01
1.437849611061378097e+00 1.726028706376496968e+00
1.939581306882989020e+00 9.635172421913311691e-01
8.342262744105133354e-01 5.455260996600741485e-01
1.929769328266066619e-01 1.313533604705368063e-01
7.575441773396640599e-01 1.959348232817225588e+00
1.280787299557607284e+00 1.032182687418618183e+00
1.686396867183023174e+00 6.768911435800610832e-01
1.492831162946688162e+00 3.088115584651807133e-01
1.091102322530881352e+00 7.663584768667301983e-01
2.094945440823021698e-01 1.265517170004228031e+00
1.218044441169926717e+00 1.100469292798971432e+00
1.637025316906139061e+00 1.671943691883972960e+00
9.678610054478962166e-01 8.010648168143010839e-01
6.561335980746505481e-01 4.702672752218606256e-01
2.482794204043121677e-01 1.092500748790459220e+00
1.335196756345625069e+00 1.904910117470566266e-01
1.649799745628619752e+00 6.743299072909461067e-01
2.069504175623433362e-01 1.344743734107983757e+00
1.136069834758515640e+00 1.372899141772016218e+00
5.001096971254528345e-01 5.071026638668043596e-01
5.726850509407741541e-01 1.172701566411389340e-01
1.793906100746371024e+00 4.298295299211338794e-01
6.264293762477080030e-02 5.436283701344988284e-01
9.450787799834199365e-01 2.571436198173093768e-01
1.023359035903760317e+00 8.273601296169856845e-01
1.934431387628243737e-01 2.993863753897605395e-01
1.624678932267655584e+00 7.910079550081146049e-01
5.681624302645360558e-01 9.132736495198785498e-01
1.305391757863935798e+00 2.737538158299592794e-01
8.041101301160842318e-01 1.879165498367075804e+00
1.851169295458028330e-01 1.241593085532112228e+00
5.091146000260022841e-01 1.525125717581604645e+00
8.168502258610197408e-01 1.484002335523618488e+00
7.799321689601639296e-01 4.337396861006663773e-01
6.052517900029903419e-01 1.028644011405065450e+00
1.965772261811595811e-01 6.614018013411431252e-01
1.239449912927128805e+00 6.638046587018933131e-01
1.318846217506603358e+00 1.355533150948902810e+00
1.662363420542003034e+00 1.652875319376417407e+00
1.758588662453721030e+00 5.417365707591561552e-01
1.427491167466858890e+00 1.805453841570217044e-01
7.271279546411428818e-01 1.048441129279943151e+00
1.132818943853325822e+00 1.811993892080927981e+00
7.950186840439390501e-01 1.822499205733650651e+00
6.435667280799208800e-01 6.468392273435052964e-02
7.401366430191294032e-01 1.780243005766281694e+00
4.688878472399184982e-01 1.075465818529587114e+00
2.653505747047695262e-01 5.434363695718300580e-01
7.695449272731846868e-01 3.464307734398046623e-01
1.899614781098142080e+00 5.774528525775735055e-01
1.888886119509779249e+00 1.434284458080544056e+00
9.837999201649079151e-01 8.892254624032231991e-01
1.414856059048855474e+00 6.684448755115868224e-01
5.675855008270820345e-01 1.159609520240890479e+00
9.199198151001759527e-01 1.869134022132984629e+00
1.790715997913810753e+00 6.619847796547868590e-01
1.188452998833127161e-01 4.489271977736961627e-01
5.746591361393318387e-01 2.396020434140044841e-02
1.478427782377190969e+00 1.656966357150260416e+00
1.253502255458789350e-01 6.968181274378426604e-01
1.658511155825014516e+00 1.381835999126989512e+00
1.427302998707907555e+00 1.619294039177618938e-01
1.272065989956254084e+00 1.470138273123207107e-01
1.605518386891993110e+00 1.566820641849015372e+00
1.626052474214826571e+00 1.078357255803342740e+00
1.891074413701936408e-01 1.121417776325853044e+00
1.328330775269819686e+00 5.935491376735528846e-01
1.851291697705308437e-01 1.494050679590377406e-01
1.517202080658766272e+00 9.414554372054362297e-01
1.106904806798489682e+00 1.085089633911198170e-01
2.676379385413523160e-01 1.657799613818672801e+00
8.450484989762963028e-01 1.765666168334133035e+00
4.541168033646003632e-01 2.881260564033745197e-01
2.312846554563248169e-01 1.761880097529930911e-01
9.954877812410005689e-01 1.406482910772240302e+00
1.943160881130866269e+00 7.715546692939041495e-01
8.504991127328391798e-01 8.420936390026696472e-01
3.441715513936098869e-01 9.822181159674094886e-01
5.874085715929235896e-01 8.629526082432770195e-01
5.762514834732541669e-01 2.697526401398047113e-01
1.536118085869776717e+00 1.274453484920544888e+00
6.342876266900392412e-01 1.356457938809276564e+00
9.894001011784570032e-01 5.205313809443712358e-01
3.998319688146998452e-01 5.827114626826583876e-01
1.233434043673374392e+00 1.094176673056253435e+00
1.254368595804437492e+00 1.857358846283209353e+00
4.218560447100210276e-01 4.601521309413292293e-02
6.637236559346035847e-01 1.254690802828541063e+00
1.119913266420594189e+00 1.307113469162652919e+00
1.948843884692283979e+00 9.215086799562746123e-01
1.165332998434047918e+00 3.041322389735983123e-01
1.782494288829077789e+00 4.638444175073066500e-01
5.638225440420181478e-01 2.411435611668719670e-01
3.724277585092654608e-01 1.103445023966728389e+00
9.604815915987643393e-01 1.270180601025144629e+00
8.757249893247331940e-02 1.025506823930500522e+00
7.210322061248790604e-01 3.651030419173943997e-01
1.892087435016056363e+00 5.822419550713233694e-01
1.869283643541382434e+00 1.457330629971347991e+00
1.115366803959591424e+00 8.600806875078814695e-01
1.356058862701884804e+00 2.204941223248004789e-01
1.731611011833638081e-01 1.042688309603124086e+00
6.898813638222969225e-01 6.798832516283259686e-02
8.209218847848909206e-02 7.934150819203489302e-01
8.973576852884623811e-01 1.532568973353932051e+00
6.159043700191304538e-01 4.287428700592863517e-01
1.740318540369041100e+00 8.684626455320558769e-01
1.025825693620841417e+00 1.764130588602797367e+00
7.736462911861541336e-02 1.256176279201768109e+00
8.691706723762073761e-01 4.257202388542769000e-02
1.013275085678040144e+00 1.073481526849154433e+00
8.776708372162345118e-01 9.812691557667241327e-02
1.488117764338582782e+00 1.229266939036083528e+00
9.195745341044265775e-01 7.271232668391747200e-01
1.570725486903925328e+00 1.201328833638610760e+00
2.684790758708130998e-01 1.549869431100707740e-01
4.088689591179421878e-01 1.335099342112219034e+00
8.226642257023286664e-01 1.733886055140627436e+00
6.931566899356940148e-01 4.732308441895316520e-02
2.154996902281451909e-01 6.188571999651657496e-01
5.585351640375009197e-01 1.532971201079172507e+00
6.947084904774420977e-01 2.314805606245757819e-01
8.933810443534362378e-05 1.436181080437033408e-01
5.736472122496727444e-02 3.898217029403872047e-02
6.663412939015254111e-01 1.136491814674212009e-02
5.521053021124762150e-01 9.977934741958767173e-01
1.661583038809577584e+00 7.925340005772369967e-01
6.317186058540738003e-01 1.894439212665915973e+00
1.662975519062983576e-01 1.381696338585053141e+00
2.588378111344977750e-01 4.559645018461495614e-01
8.841093522158398610e-01 9.797130892901377841e-01
1.048734814375589242e+00 1.544126364746079005e-02
8.136689697458405757e-01 7.532994777516732743e-01
1.456338114894841107e+00 1.885498520769584019e-01
4.316418884589219296e-01 8.030798300200840956e-01
5.616088441714568447e-01 1.777680548745733446e+00
1.677399452108669031e+00 5.943977813209908589e-01
1.032613836530893670e+00 1.215328728973187777e+00
1.886296871329066649e+00 6.169541264980360484e-01
5.490180781347122618e-01 9.911477513426092401e-02
3.765639993647587058e-01 1.243559370433398037e-01
1.675960582105154195e+00 8.988691267148407604e-01
7.759721218034412171e-01 3.070661618607666288e-01
6.862877093230446146e-01 5.558686906058194488e-01
1.006365992929034503e+00 6.394364599899768908e-01
1.373889556846350057e+00 6.399175906205556430e-01
4.648550086071538967e-01 1.604927478136470187e+00
1.686196382938782268e+00 4.141313603911285224e-01
1.119829780058210433e+00 1.537261685015109069e+00
1.521799587032985901e+00 1.443937524644141046e+00
8.042978102293436571e-01 9.268743845038098783e-01
1.200252931323233296e+00 1.540768823308022339e+00
3.004166179191574138e-01 3.136027431094774442e-01
8.951931597923226125e-01 3.322675635995095966e-01
1.077332328363562741e-01 7.391203859152100097e-01
2.957246863682370108e-01 5.242086527493867720e-01
4.666212792427970601e-01 5.407345089561663709e-01
1.200875383690902742e+00 4.375393969811998129e-01
5.885988946791020915e-02 1.091892513297886280e+00
3.632039204528469956e-01 1.458178999036046308e+00
1.246394321758100165e+00 5.437602516850192913e-02
1.091634352284019505e+00 3.455462584541462157e-01
1.064267109052589477e+00 1.934225559959303453e+00
3.901616851313027823e-01 6.118912554994828668e-01
3.324078437030264510e-01 1.877518872741723577e-02
9.078895903972254988e-01 7.450668087476288726e-01
1.615068229828561464e+00 1.520808098702795652e+00
8.397772570397110670e-01 6.071048365285225401e-01
1.996189357380946383e-01 1.488556983376404297e+00
6.228896116221085411e-01 8.082973906938539788e-01
2.399652654084420966e-01 1.365404201888595015e+00
1.820489915548493043e+00 1.207691275066455683e+00
1.616118446452541990e+00 1.012107469153720629e+00
1.168228748515760085e+00 5.950814127167500800e-01
4.194098901688425585e-01 1.406448150308160061e+00
1.707134236484322498e+00 3.975725762049528988e-01
1.808218751614892650e+00 1.079434923661526158e+00
7.729829000666239569e-01 1.889783351196613781e+00
1.322966959437825718e+00 1.516302351980037599e+00
8.369276623072403609e-01 7.285461854895389777e-01
4.728953766172399042e-01 1.743784186393303237e+00
1.746636365778509781e+00 4.626510512812671561e-01
4.763841117661309355e-01 4.820051177795929842e-01
1.318244209471876260e+00 7.634983713957985696e-01
1.973522116936559767e+00 1.186662762371182733e+00
6.407089499874341065e-01 8.411273675204824496e-01
6.920826389031859982e-01 1.136035460361470628e+00
2.407355512650302121e-01 3.034739326537247983e-01
1.381395131703199386e+00 9.790999608544364019e-01
9.640281644332497901e-01 4.460061367604639671e-02
7.190721416185528181e-01 4.425539634832411640e-01
1.791720503812332277e+00 6.129944994016924831e-01
4.218703686018994148e-01 1.441518277262281877e+00
7.587899340718637919e-01 7.034362789394921212e-01
1.348550027580916133e+00 1.552447139279273580e+00
1.369855975227713074e+00 4.073578343764490128e-01
1.105378224762313177e+00 1.753010498051387867e+00
7.026045717868827367e-01 5.809050162646587356e-01
6.223498391261246265e-01 5.988441279375029680e-01
7.774427609633112191e-01 1.685902767214743747e+00
5.562084321906264339e-01 4.245228470723376724e-01
1.180424415737609811e+00 8.468341995201744687e-01
1.442613379414229735e+00 8.552440204767912668e-01
9.316732818377995162e-01 1.665510568270993641e-01
7.681689045327435572e-01 1.904146933949452336e+00
1.524893502349725649e+00 1.378125827381389668e+00
1.023786445398438216e+00 4.028300683771368629e-01
1.511942207993439258e+00 1.246155816856902687e+00
2.494774366053305048e-01 7.438963009159591522e-01
6.949227130739590308e-01 1.555306240817658781e+00
8.125235045343017770e-01 5.966405546441988506e-01
3.377682841928895119e-01 1.271725189098742659e+00
5.224793072667122118e-02 1.282908351354466348e+00
1.602351488084161613e-01 1.594009466045243073e-02
1.737434459248961227e+00 1.032167392341453160e+00
3.504865022227443561e-01 1.015295664127976005e+00
1.583966509144432822e+00 1.363622215765952328e+00
4.876500147477051961e-01 6.460764060941739384e-01
2.257910576580868245e-01 4.365262035859949208e-01
1.122721932090847918e+00 4.700641098403888218e-01
1.875348358582930919e+00 1.263720343359465259e+00
1.542909958035646900e+00 1.683469828944752722e+00
8.284696871233503401e-01 1.052636616743039655e+00
3.808273161164237308e-01 1.433474698848503426e+00
1.562141875170384164e+00 1.315202594061437580e+00
8.448283703214776175e-01 2.160773058526292978e-01
1.159142466571606800e+00 1.845991834875099435e+00
1.278601651809547102e+00 4.484582620609711689e-02
1.180795580345665341e+00 1.423366565754999202e+00
9.429608960310325028e-01 7.858718372085127246e-01
1.425622630644297839e+00 5.088422000178245419e-01
1.148441450384179108e+00 1.545126183895232819e+00
9.288910995654915403e-01 1.111365026108105170e+00
1.828885397302462801e+00 1.364411602908347287e+00
6.272123981635318035e-01 8.496143829659192903e-01
6.871905348884281839e-01 1.123732278077246294e+00
4.681480514331037845e-02 2.926814439854732441e-01
9.268931759351561883e-01 1.865671064791183831e+00
1.255072765326904261e+00 1.816129968684384810e+00
7.434734876314081919e-01 9.558932837461000531e-01
4.371813380517690639e-01 4.549286584044001103e-01
3.933321529661903959e-01 1.553983379619872984e+00
1.078420798791589696e+00 4.690143101098451783e-01
1.284941764421130728e+00 2.745747699209308834e-01
1.677256608189823917e+00 1.138335844039601197e+00
2.287779308978372672e-01 8.778539983749658049e-01
1.301344283835690785e+00 7.975686698289818910e-01
7.270297506143663657e-01 1.000437907443032071e+00
7.032848410147995999e-02 6.687916351995595310e-01
8.798473736406149381e-01 8.472715754569382085e-01
9.945747934682069857e-01 1.770655372153630447e+00
2.101548514861617534e-01 1.213554747334773198e+00
8.184494456394837414e-01 1.269560689079206384e+00
8.803842092344542625e-01 1.413546842467052755e+00
1.298500485582383623e+00 4.905501767591979867e-01
7.287149076640462297e-01 1.801461882404943315e+00
1.553138917777175276e+00 3.585291772464580529e-01
5.539302835858110896e-01 6.539780824843890450e-01
8.930300147374119479e-01 9.195527309976792019e-02
8.854012625570215622e-01 8.497893246004004641e-01
1.669739487059351823e-02 3.552311044209417457e-01
1.435716773101239019e+00 1.708437670321641511e+00
1.678415721702567254e+00 6.711077449969147235e-01
6.989781773224530426e-01 4.861772336677594453e-02
5.446274214031325833e-01 1.727937949025828868e+00
9.023023485451640013e-01 7.473337709726719513e-01
4.421098312751692294e-01 6.140744710240864102e-02
1.405614133077908390e+00 3.525406261994914470e-01
1.661833452175187631e-01 1.475524287391694944e+00
9.596787888298741187e-01 8.811048842911510803e-01
1.897211474511398821e+00 9.056739992361073632e-01
1.516636538966181558e+00 3.770125031202167243e-01
4.950729343863919940e-01 1.807363085031028049e+00
1.154937618636579177e+00 8.896937123015657978e-01
1.710927755066989242e+00 9.804511163125859685e-01
9.017319422290637210e-01 2.356905234941082394e-01
8.108924139758744154e-01 6.003069331073169757e-01
1.143531403104055100e+00 1.844718817655560228e+00
1.270236364125244100e+00 1.553248722592221132e+00
4.976938364116667568e-01 1.399335234039889464e+00
1.806923051093468180e+00 5.758185957243062703e-01
5.210674986889769489e-01 8.000652028374632962e-03
9.594661151477963390e-01 1.361843955214162349e+00
1.160639887198914755e+00 1.634444127773817756e+00
1.699549823455106523e-01 4.126889381160929737e-01
3.964557034600213470e-02 9.409407728477365840e-01
1.068973550958731922e+00 1.450425884941462629e+00
1.568749070019216152e+00 1.147579191775214724e+00
7.057145688358970048e-01 1.162316599946354057e+00
6.741451864062795174e-01 2.598140936889672403e-01
1.797216229089559469e+00 1.168296512746991977e+00
4.103571074477427860e-01 1.472361419074603939e+00
1.963151340143276746e+00 8.153825834060024480e-01
8.032392743883336461e-01 1.630159904404075988e+00
1.229541621853675437e+00 8.644969999333163013e-01
9.049103086611092195e-01 1.710535010521799126e+00
6.921842016718477986e-01 1.603915442057924023e+00
8.479491158857794808e-01 4.273879019253787881e-01
1.029161726738188509e+00 1.509745016415665830e+00
8.372510240989121666e-01 2.213010527891583479e-01
8.877024462853084774e-01 1.054128185909788629e+00
1.415213720591351088e+00 1.211036881145607591e+00
8.804644680806161805e-01 4.202515396714929796e-01
9.106435747335741571e-01 9.695533648327365750e-01
1.423107680062793756e+00 4.669117345262892016e-01
8.751830461417426932e-01 1.350710938064398681e+00
1.241709523281091299e+00 1.908908649975230132e+00
8.076534789541103265e-01 3.122319591124402827e-01
7.812117768280713026e-01 6.786339035105404260e-01
1.584497666967880747e+00 9.190287413332955957e-01
4.583236474356100487e-02 5.642508491512623348e-01
1.177830269739800650e+00 1.587780967104769791e+00
1.475113026366701607e+00 1.429387841118403113e+00
1.548921605567121995e+00 1.943364542969021613e-01
6.036134994557940114e-01 4.922119219517318012e-01
3.345889188399779890e-01 4.808490235732332252e-02
1.323159350904202780e+00 1.182474689180711414e+00
8.924928406153516125e-01 1.652178555137475691e-01
5.043673524823171217e-01 1.596421720670721411e+00
9.286278653549255857e-01 1.730492564063492722e+00
1.201485165607449224e+00 5.256634526974925947e-01
1.638133439092733568e+00 5.520588327147519792e-01
1.342915786916801801e+00 1.206570074225420841e+00
1.028231339071694617e-01 1.293529170605780543e+00
9.223993046056313538e-01 1.680635648669025706e+00
8.567423405352430077e-01 3.322402956207104463e-01
1.780144764238035915e+00 7.262109485266849962e-01
1.288898889915933710e+00 4.918444349086317224e-01
1.359403569429863623e+00 2.678512896626354944e-01
1.582609787464873241e+00 2.473017603535023756e-01
1.276169517124916108e+00 2.135964741070601747e-01
1.697871401975176608e+00 1.127991341295308869e+00
1.927095330133172801e+00 1.362961094027540732e+00
1.104869131282570915e-01 9.577528531707384385e-01
6.113532623004742650e-01 5.194177282884844260e-01
2.315801530794008301e-01 9.426426434498529350e-01
1.021669901402187719e+00 1.565483727478404807e+00
1.288814711858050410e+00 1.238732001557514506e+00
1.368327246098184347e-01 3.579666453529211090e-01
1.111928106345921652e+00 1.433829952248982798e+00
1.647633421754166161e+00 1.162456250399855895e+00
6.479314220168972405e-01 1.322936300663256404e+00
5.688897107575545675e-01 4.498812246292747119e-01
4.973654659051907068e-01 1.390328883984128794e-01
9.224394949316061521e-02 6.574571425653330525e-01
8.940203488215472394e-01 1.642627080152534447e+00
1.417511860046175132e+00 3.373274323659567475e-01
1.854340914114923855e+00 6.255721188912901631e-01
1.324565238682716917e+00 8.943153127717324846e-01
6.035304287446996430e-01 1.278028359127109104e+00
9.088207050840408918e-01 6.010398431598662494e-01
